paurelia <- c(2, NA,  17,  29,  39,  63, 185, 258, 267, 392, 510, 570, 
  650, 560, 575, 650, 550, 480, 520, 500)
