redstart <- c(18, 10,  9, 14, 17, 14,  5, 10,  9,  5, 11, 11,  
  4,  5,  4,  8,  2,  3,  9,  2,  4,  7,  4,  1,  2,  
  4, 11, 11,  9,  6)
