songsparrow <- c(35, 31, 45, 48, 66, 9, 19, 26, 54, 53, 72, 61, 59, 53,
  4, 10, 28, 42, 42, 52, 41, 46, 41, 31)
